111,2,3,4,5,6,7,8,9,10
1,4,3,4,5,6,17,8,5,6
21,2,16,4,5,16,7,8,9,4
3,2,23,7,12,6,7,8,9,19
1,2,3,4,5,6,7,16,4,8
1,12,23,5,5,4,7,8,9,8
4,2,3,14,5,6,5,18,19,10
31,5,3,4,5,6,7,8,5,10
31,4,3,4,5,6,7,8,9,10
11,2,3,4,5,14,7,8,9,110

111.0000 2.0000 3.0000 4.0000 5.0000 6.0000 7.0000 8.0000 9.0000 10.0000 
1.0000 4.0000 3.0000 4.0000 5.0000 6.0000 17.0000 8.0000 5.0000 6.0000 
21.0000 2.0000 16.0000 4.0000 5.0000 16.0000 7.0000 8.0000 9.0000 4.0000 
3.0000 2.0000 23.0000 7.0000 12.0000 6.0000 7.0000 8.0000 9.0000 19.0000 
1.0000 2.0000 3.0000 4.0000 5.0000 6.0000 7.0000 16.0000 4.0000 8.0000 
1.0000 12.0000 23.0000 5.0000 5.0000 4.0000 7.0000 8.0000 9.0000 8.0000 
4.0000 2.0000 3.0000 14.0000 5.0000 6.0000 5.0000 18.0000 19.0000 10.0000 
31.0000 5.0000 3.0000 4.0000 5.0000 6.0000 7.0000 8.0000 5.0000 10.0000 
31.0000 4.0000 3.0000 4.0000 5.0000 6.0000 7.0000 8.0000 9.0000 10.0000 
11.0000 2.0000 3.0000 4.0000 5.0000 14.0000 7.0000 8.0000 9.0000 110.0000 